73
67
71
99
41
17
50
60
41
18
99
52
1
44
47
15
26
20
86
29
16
58
94
6
95
14
27
14
82
58
77
84
30
82
51
69
13
57
23
90
88
28
69
1
62
91
20
94
36
13
94
77
80
60
61
73
75
82
53
35
36
71
24
81
68
78
61
18
34
91
81
42
60
28
54
5
50
13
62
62
3
11
45
24
81
55
78
94
20
60
17
68
29
14
11
49
18
23
58
63
49
62
1
72
37
27
35
99
79
26
94
24
34
24
29
83
41
47
35
12
90
20
61
85
40
9
52
62
82
60
96
1
74
56
12
14
62
88
34
27
4
32
88
19
2
25
51
95
88
89
36
26
75
60
81
24
71
19
50
81
58
1
43
13
87
38
16
78
29
14
98
29
19
64
22
3
63
18
71
87
23
74
73
98
45
91
4
66
78
73
65
11
42
28
72
20
64
17
34
55
5
63
80
33
51
97
87
10
17
82
62
30
70
82
72
37
77
2
78
33
52
70
87
81
84
92
3
70
1
2
85
30
5
98
5
93
60
80
46
80
34
68
75
86
87
9
19
90
89
16
53
92
49
87
10
58
15
27
21
62
11
14
78
75
91
51
36
78
12
39
45
79
43
47
29
48
79
48
62
43
36
15
47
74
64
78
7
84
13
71
55
15
89
89
55
76
1
55
20
53
75
3
87
74
79
28
11
43
33
65
6
18
98
56
5
14
57
66
15
32
63
85
39
60
48
23
44
19
22
73
41
96
12
88
45
1
86
8
3
58
81
13
58
58
63
77
56
94
25
40
22
97
33
92
12
97
35
7
58
24
93
76
42
95
43
19
48
1
92
16
6
33
94
45
87
40
80
61
49
4
8
25
53
6
55
19
9
62
6
18
2
26
55
53
62
92
48
93
94
34
25
81
2
40
76
78
37
58
9
10
96
13
76
72
64
55
22
27
6
49
90
97
32
18
13
48
51
20
28
3
55
68
16
73
23
68
6
36
22
29
48
72
90
61
25
23
49
87
98
88
37
63
19
77
30
29
57
29
76
63
85
86
94
41
29
95
28
80
80
58
16
94
57
84
32
58
51
82
23
63
26
34
73
22
20
91
99
69
2
91
30
17
98
26
69
7
82
45
15
64
96
68
97
14
49
65
25
94
51
77
46
89
57
18
68
80
2
46
14
15
71
99
10
83
90
99
68
46
14
5
32
70
49
39
1
72
78
12
92
69
84
7
22
54
83
98
78
7
89
80
69
41
18
48
13
58
3
74
19
61
2
30
9
44
49
95
17
76
16
64
55
31
75
7
15
3
91
24
32
84
57
52
82
22
63
61
9
45
48
31
32
43
64
53
22
37
67
8
95
62
8
59
23
34
67
79
66
23
6
11
88
70
12
54
13
66
98
26
99
71
88
56
13
20
98
74
46
12
3
51
23
89
8
71
63
2
21
45
15
64
66
52
42
71
53
46
8
7
92
52
86
33
92
57
21
66
93
98
41
36
70
23
59
62
10
28
78
99
65
69
21
92
98
4
4
67
30
94
88
40
58
75
12
35
85
37
86
9
1
17
65
61
11
46
86
13
60
95
38
43
84
88
6
47
98
13
54
83
30
40
47
34
45
74
4
62
17
4
71
87
58
78
73
93
23
34
3
23
57
77
65
94
71
44
64
48
37
22
42
80
73
93
96
47
56
36
6
45
13
31
1
14
79
79
58
45
32
15
29
27
23
69
36
87
10
94
16
10
58
99
71
1
67
37
31
42
21
48
1
59
18
59
30
86
13
35
5
88
52
54
59
14
81
6
47
53
22
23
47
97
97
66
48
37
35
49
12
30
92
18
23
17
62
40
85
89
38
9
46
82
4
11
14
40
11
79
10
71
41
48
47
94
18
38
88
58
10
60
8
50
69
35
75
95
91
35
37
65
40
76
50
97
26
88
74
36
72
64
85
30
54
27
58
6
31
66
91
51
19
2
33
36
78
49
9
46
21
47
49
71
45
79
24
29
34
52
66
19
44
96
75
2
86
51
36
79
60
95
98
22
26
6
43
98
60
94
29
67
79
97
56
97
1
1
15
86
78
98
71
94
17
47
34
24
17
29
95
62
84
17
82
25
37
5
25
85
28
47
63
21
42
56
24
77
30
30
52
90
53
22
60
83
1
81
38
95
71
84
73
71
19
39
46
24
20
55
58
71
23
95
43
37
72
12
36
53
48
62
97
40
94
25
56
15
90
98
90
1
33
20
1
7
81
57
48
5
41
77
64
8
